0	0.0084	0.0052
1	0.0083	0.0045
2	0.0091	0.0046
3	0	0.0035
4	0.0004	0.0085
5	0.005	0.0004
6	0.0039	0.0069
7	0.0038	0.0081
8	0.0079	0.0023
9	0.0015	0.0054
10	0.0017	0.0066
11	0.0081	0.0061
12	0.0066	0.0021
13	0.0057	0.0045
14	0.0056	0.0048
15	0.0031	0.0033
16	0.0078	0.0071
17	0.0058	0.0018
18	0.0001	0.0014
19	0.0044	0.0032
20	0.0043	0.0079
21	0.0024	0.0017
22	0.0047	0.0074
23	0.0006	0.0088
24	0.0007	0.0016
25	0.0046	0.0068
26	0.0005	0.0053
27	0.0017	0.0003
28	0.0059	0.0059
29	0.0071	0.0023
30	0.0056	0.0008
31	0.0063	0.0057
32	0.0024	0.0071
33	0.0087	0.0009
34	0.0087	0.004
35	0.0041	0.0066
36	0.0067	0.0084
37	0.0095	0.0072
38	0.0021	0.007
39	0.0051	0.0053
40	0.0044	0.0072
41	0.0031	0.0056
42	0.0071	0.0087
43	0.0099	0.0095
44	0.0014	0.0002
45	0.0002	0.0048
46	0.0076	0.0031
47	0.0058	0.0067
48	0.0048	0.0078
49	0.0044	0.0094
50	0.0099	0.0065
51	0.0023	0.0095
52	0.0044	0.0018
53	0.0051	0.0006
54	0.0084	0.0092
55	0.0086	0.0061
56	0.0075	0.0006
57	0.007	0.005
58	0.0053	0.0066
59	0.0086	0.0085
60	0.0093	0.0064
61	0.0035	0.0047
62	0.0002	0.0008
63	0.0017	0.0071
64	0.0025	0.0032
65	0.0027	0.0061
66	0	0.0011
67	0.0075	0.0022
68	0.0062	0.0055
69	0	0.0074
70	0.0081	0.006
71	0.0074	0.0011
72	0.0062	0.0087
73	0.0049	0.0067
74	0.0009	0.004
75	0.0054	0.0037
76	0.0042	0.0072
77	0.0033	0
78	0.0069	0.0052
79	0.0061	0.003
80	0.0011	0.0059
81	0.0012	0.0019
82	0.0071	0.0052
83	0.0032	0.0036
84	0.0058	0.0014
85	0.0066	0.0044
86	0.0039	0.0043
87	0.0027	0.0022
88	0.0091	0.003
89	0.007	0.0073
90	0.001	0.0072
91	0.0028	0.0031
92	0.0025	0.0074
93	0.0012	0.0067
94	0.0062	0.0053
95	0.0031	0.0087
96	0.0015	0.0001
97	0.0025	0.0059
98	0.0074	0.0011
99	0.0042	0.0043
100	0.0087	0
101	0.009	0.0037
102	0.0066	0.0059
103	0.001	0.0065
104	0.0094	0.0002
105	0.002	0.0082
106	0.0012	0.001
107	0.0051	0.0032
108	0.0016	0.0099
109	0.0069	0.0061
110	0.0047	0.0093
111	0.0046	0.0035
112	0.0028	0.0017
113	0.008	0.0089
114	0.0059	0.0029
115	0.0074	0.0033
116	0.0049	0.0067
117	0.0059	0.0055
118	0.009	0.001
119	0.0033	0.0085
120	0.0085	0.0054
121	0.0036	0.003
122	0.002	0.0019
123	0.0079	0.0087
124	0.0081	0.0025
125	0.0086	0.0008
126	0.001	0.0095
127	0.0011	0.0048
128	0.0058	0.0048
129	0.0068	0.0065
130	0.009	0.0092
131	0.001	0.0009
132	0.0068	0.0053
133	0.005	0.002
134	0.0019	0.0051
135	0.0062	0.0056
136	0.0066	0.0019
137	0.0068	0.0095
138	0.0025	0.0081
139	0.0056	0.0024
140	0.0063	0.005
141	0.0029	0.009
142	0.0054	0.0039
143	0.0048	0.002
144	0.0061	0.0052
145	0.0069	0.0096
146	0.0045	0.001
147	0.0052	0.0028
148	0.0045	0.0045
149	0.0049	0.0067
150	0.0082	0.0015
151	0.0008	0.0025
152	0.0051	0.0015
153	0.0086	0.0047
154	0.0031	0.0094
155	0.0042	0.006
156	0.0058	0.0054
157	0.0045	0.0067
158	0.0064	0.0086
159	0.0027	0.0062
160	0.0045	0.0039
161	0.0076	0.0004
162	0.009	0.0038
163	0.0083	0.0028
164	0.0003	0.0016
165	0.0066	0.0017
166	0.0054	0.0088
167	0.0068	0.0096
168	0.0043	0.0041
169	0.0009	0.0065
170	0.0094	0.0006
171	0.001	0.0022
172	0.001	0.0063
173	0.0035	0.0049
174	0.0038	0.0079
175	0.0071	0.0098
176	0.0071	0
177	0.0067	0.0031
178	0.0072	0.0016
179	0.0072	0.0099
180	0.0042	0.0084
181	0.0056	0.0072
182	0.0095	0.0072
183	0.0089	0.0085
184	0.0087	0.0081
185	0.0042	0.0017
186	0.0019	0.0015
187	0.0055	0.0026
188	0.0016	0.0059
189	0.0077	0.0034
190	0.0098	0.0078
191	0.0016	0.0041
192	0.001	0.0043
193	0.0036	0.0037
194	0.0055	0.0069
195	0.0065	0.0044
196	0.0018	0.0023
197	0.0059	0.0054
198	0.0082	0.0054
199	0.0099	0.0061
200	0.0053	0.0035
201	0.0099	0.0051
202	0.0096	0.0003
203	0.0049	0.0036
204	0.0055	0.0037
205	0.0073	0.0065
206	0.0043	0.0027
207	0.0019	0.0014
208	0.0054	0.0061
209	0.0027	0.0092
210	0.0019	0
211	0	0.0088
212	0	0.0052
213	0.0068	0.0066
214	0.0074	0.0003
215	0.0078	0.0075
216	0.002	0.002
217	0.0022	0
218	0.0063	0.0001
219	0.0021	0.0096
220	0.0087	0.0077
221	0.0002	0.0002
222	0.0026	0.0086
223	0.0083	0.0093
224	0.0012	0.0097
225	0.0034	0.0022
226	0.0029	0.0001
227	0.006	0.0033
228	0.0042	0.0044
229	0.0018	0.0093
230	0.0047	0.007
231	0.0022	0.0027
232	0.0024	0.0035
233	0.0026	0.0047
234	0.0012	0.0089
235	0.0078	0.0007
236	0.0025	0.0076
237	0.0097	0.0062
238	0.0013	0.0068
239	0.0096	0.0074
240	0.0007	0.0039
241	0.0003	0.0002
242	0.0032	0.0044
243	0.0078	0.0037
244	0.0083	0.0085
245	0.0069	0.0005
246	0.0029	0.009
247	0.008	0.0038
248	0.0045	0.0032
249	0.0048	0.0024
250	0.0077	0.0067
251	0.0044	0.0048
252	0.0064	0.0077
253	0.0073	0.0068
254	0.0026	0.0032
255	0.0062	0.003
256	0.0047	0.0099
257	0.0025	0.0089
258	0.0092	0.0086
259	0.0004	0.0039
260	0.004	0.0013
261	0.0061	0.0092
262	0.0096	0.0018
263	0.0011	0.0038
264	0.0084	0.0012
265	0.0074	0.008
266	0.0084	0.0084
267	0.0063	0.0015
268	0.0015	0.0012
269	0.0061	0
270	0.0096	0.0091
271	0.0038	0.0055
272	0.0056	0.0034
273	0.008	0.0089
274	0.0089	0.0034
275	0.004	0.006
276	0.0018	0.0015
277	0.0082	0.0054
278	0.0041	0.0087
279	0.0031	0.0049
280	0.0024	0.0021
281	0.0074	0.0081
282	0.0072	0.0035
283	0.0028	0.0057
284	0.0009	0.0025
285	0.0044	0.0054
286	0.0043	0.0067
287	0.0027	0.0028
288	0.0011	0.0087
289	0.0096	0.0028
290	0.0088	0.0044
291	0.0001	0.007
292	0.0038	0.0064
293	0.0041	0.0077
294	0.0007	0.0083
295	0.0068	0.0038
296	0.0065	0.0097
297	0.0099	0.0009
298	0.0061	0.0004
299	0.0045	0.0037
300	0.0055	0.008
301	0.0019	0.0006
302	0.0068	0.0042
303	0.0049	0.0038
304	0.0098	0.0014
305	0.0082	0.0045
306	0.0036	0.0088
307	0.0024	0.0095
308	0.0035	0.0046
309	0.0061	0.0067
310	0.0054	0.0077
311	0.0003	0.0022
312	0.0087	0.0088
313	0.0085	0.0064
314	0.0092	0.0056
315	0.0008	0.0067
316	0.0083	0.009
317	0.0068	0.0021
318	0.009	0.0075
319	0.0044	0.0062
320	0.0063	0.0027
321	0.0033	0.0033
322	0.0097	0.0091
323	0.0055	0.0038
324	0.0098	0.0099
325	0.0015	0.0042
326	0.0027	0.0085
327	0.0031	0.0036
328	0.0091	0.0028
329	0.0021	0.0028
330	0.002	0.007
331	0.0061	0.0079
332	0.004	0.0018
333	0.009	0.0042
334	0.0077	0.001
335	0.0033	0.0061
336	0.0062	0.0015
337	0.0093	0.0098
338	0.0052	0.0092
339	0.0032	0.0056
340	0.0029	0.0078
341	0.0025	0.0041
342	0.0049	0.0011
343	0.0064	0.0063
344	0.0028	0.0067
345	0.0038	0.0067
346	0.0017	0.0014
347	0.0058	0.0085
348	0.0018	0.0008
349	0.0033	0.0066
350	0.0045	0.0008
351	0.0086	0.001
352	0.0069	0.0088
353	0.0023	0.0098
354	0.0063	0.0047
355	0.007	0.0019
356	0.005	0.0088
357	0.0033	0.0049
358	0.0032	0.0008
359	0.0035	0.0074
360	0.0094	0.0072
361	0.0092	0.0064
362	0.0039	0.0032
363	0.0045	0.0086
364	0.0098	0.0025
365	0.0061	0.0067
366	0.0099	0.0012
367	0.0093	0.007
368	0.0042	0.0004
369	0.0002	0.004
370	0.008	0.0096
371	0.007	0.0085
372	0.0028	0.0015
373	0.0062	0.0036
374	0.0068	0.0043
375	0.0054	0.0018
376	0.0041	0.0027
377	0.0051	0.0083
378	0.0091	0.0092
379	0.0045	0.0025
380	0.0006	0.008
381	0.0091	0.0043
382	0.0054	0.005
383	0.009	0.0015
384	0.0088	0.0039
385	0.0054	0.0016
386	0.0066	0.0096
387	0.0082	0.0057
388	0.0088	0.0097
389	0.0084	0.0021
390	0.0001	0.0036
391	0.0051	0.0097
392	0.0002	0.0064
393	0	0.0008
394	0.0064	0.0075
395	0.0002	0.0002
396	0.0024	0.0037
397	0.0054	0.0073
398	0.0014	0.0098
399	0.0099	0.0007
400	0.0099	0.0083
401	0.0027	0.0099
402	0.0002	0.0086
403	0.004	0.0092
404	0.0096	0.009
405	0.0024	0.0076
406	0.0092	0.0055
407	0.0042	0.0062
408	0.0092	0.0068
409	0.0078	0.0004
410	0.0062	0.0044
411	0.0041	0.0062
412	0.0011	0.004
413	0.0098	0.0049
414	0.0095	0.0052
415	0.0026	0.0053
416	0.0084	0.0014
417	0.0045	0.008
418	0.0051	0.009
419	0.0095	0.006
420	0.0074	0.0096
421	0.0089	0.0053
422	0.0048	0.0021
423	0.0085	0.0081
424	0.0043	0.0006
425	0.0033	0.0022
426	0.0073	0.0083
427	0.0036	0.0004
428	0.0048	0.0021
429	0.0087	0.002
430	0.0034	0.0021
431	0.009	0.0049
432	0.0098	0.0087
433	0.0089	0.0067
434	0.0061	0.0012
435	0.008	0.0051
436	0.0025	0.0037
437	0.0067	0.0089
438	0.0097	0.0069
439	0.003	0.0038
440	0.0039	0.0094
441	0.0005	0.0026
442	0.0005	0.0089
443	0.0081	0.004
444	0.0062	0.0057
445	0.0006	0.0044
446	0.0014	0.0068
447	0.0064	0.0036
448	0.0085	0.0015
449	0.0018	0.0016
450	0.0028	0.0013
451	0.0045	0.0072
452	0.0037	0.0051
453	0.0066	0.0039
454	0.0084	0.0083
455	0.0004	0.0002
456	0.0013	0.0033
457	0.0011	0.0065
458	0.0079	0.0008
459	0.0052	0.0066
460	0.0097	0.0079
461	0.005	0.0068
462	0.0071	0.0034
463	0.0002	0.0073
464	0.0033	0.0052
465	0.0076	0.0004
466	0.0068	0.0028
467	0.0092	0.0044
468	0.0079	0.0093
469	0.0042	0.0003
470	0.0032	0
471	0.0055	0.0024
472	0.008	0.0005
473	0.0054	0.0074
474	0.0034	0.0042
475	0.0039	0.0066
476	0.0085	0.0099
477	0.0035	0.0053
478	0.0021	0.0081
479	0.0074	0.0004
480	0.0018	0.0076
481	0.0092	0.0086
482	0.0078	0.0017
483	0.0072	0.0037
484	0.0006	0.0032
485	0.0036	0.0069
486	0.0053	0.0038
487	0.0079	0.0004
488	0.004	0.0044
489	0.0086	0.0064
490	0.0027	0.0071
491	0.0052	0.0001
492	0.0034	0.0014
493	0.0094	0.0044
494	0.0069	0.0087
495	0.0071	0.0089
496	0.0065	0.0078
497	0.0008	0.007
498	0.0005	0.0084
499	0.005	0.0009
500	0.0054	0.0058
501	0.0071	0.0042
502	0.0007	0.0067
503	0.0057	0.0095
504	0.0042	0.0069
505	0.0011	0.0006
506	0.0028	0.0025
507	0.0082	0.0086
508	0.0077	0.0035
509	0.0073	0.007
510	0.0098	0.0011
511	0.0061	0.0069
512	0.0013	0.0066
513	0.0054	0.0048
514	0.0045	0.0054
515	0.0076	0.0063
516	0.0043	0.0073
517	0.0088	0.0041
518	0.0002	0.0038
519	0.0016	0.0063
520	0.0052	0.0045
521	0.0046	0.0013
522	0.0095	0.0086
523	0.0005	0.0017
524	0.0089	0.0026
525	0.0074	0.0074
526	0.0008	0.0097
527	0.0001	0.0038
528	0.0022	0.0001
529	0.0006	0.0093
530	0.0014	0.0066
531	0.002	0.0092
532	0.001	0.0068
533	0.0041	0.0034
534	0.0067	0.0056
535	0.0004	0.0062
536	0.002	0.0023
537	0.003	0.0051
538	0.0099	0.0021
539	0.0082	0.0075
540	0.0066	0.0099
541	0.0008	0.002
542	0.0087	0.0074
543	0.0094	0.0074
544	0.0033	0.0022
545	0.0058	0.0096
546	0.0009	0.0008
547	0.0097	0.003
548	0.001	0.0044
549	0.0072	0.0077
550	0.0009	0.0003
551	0.005	0.0023
552	0.0013	0.0035
553	0.0079	0.0003
554	0.0096	0.0074
555	0.0051	0.009
556	0.0089	0.0051
557	0.0076	0.0053
558	0	0.0085
559	0.0096	0.0001
560	0.0037	0.0021
561	0.0056	0.0097
562	0.0009	0.0056
563	0.0008	0.0067
564	0.0011	0.0091
565	0.0072	0.0039
566	0.0056	0.0017
567	0	0.0067
568	0.0012	0.0065
569	0.0097	0.0069
570	0.0091	0.0014
571	0.0074	0.0044
572	0.0048	0.006
573	0.0024	0
574	0.0002	0.009
575	0.0011	0.0061
576	0.0006	0.0074
577	0.0059	0.0088
578	0.0046	0.0099
579	0.0003	0.0078
580	0.0001	0.0012
581	0.0045	0.0007
582	0.0053	0.005
583	0.0084	0.006
584	0.0083	0.0081
585	0.0037	0.003
586	0.0075	0.0019
587	0.0059	0.0033
588	0.0061	0.0056
589	0.0054	0.0073
590	0.0057	0.0033
591	0.006	0.0016
592	0	0.0074
593	0.0011	0.001
594	0.0069	0.0076
595	0.0016	0.0048
596	0.0017	0.0095
597	0.0084	0.0017
598	0.0091	0.0036
599	0.0049	0.0088
600	0.0076	0
601	0.0002	0.0052
602	0.0084	0.0023
603	0.0064	0.0003
604	0.0019	0.0019
605	0.0077	0
606	0.0053	0.0042
607	0.0013	0.0009
608	0.006	0.0096
609	0.004	0.0053
610	0.0072	0.0043
611	0.0098	0.0051
612	0.0014	0.0076
613	0.006	0.009
614	0.0045	0.0029
615	0.0024	0.0019
616	0.0058	0.0021
617	0.0008	0.0017
618	0.0042	0.0006
619	0.0099	0.0052
620	0.0003	0.0043
621	0.0062	0.0026
622	0.0091	0.0094
623	0.0029	0.0065
624	0.0076	0.0096
625	0.0059	0.0092
626	0.0037	0.0008
627	0.005	0.0009
628	0.0092	0.008
629	0.0097	0.006
630	0.0078	0.0064
631	0.0056	0.0035
632	0.0078	0.0028
633	0.0027	0.006
634	0.009	0.0034
635	0.0055	0.0095
636	0.0008	0.001
637	0.0088	0.0013
638	0.0022	0.0084
639	0.0009	0.0058
640	0.009	0.005
641	0.0059	0.0016
642	0.0095	0.006
643	0.0054	0.0093
644	0.0007	0.0042
645	0.0035	0.0017
646	0.0031	0.0061
647	0.0005	0.0006
648	0.0034	0.0054
649	0.0012	0.0062
650	0.0046	0.0053
651	0.004	0.006
652	0.001	0.0047
653	0.0086	0.0007
654	0.0046	0.0021
655	0.0074	0.0086
656	0.0094	0.0019
657	0.002	0.0002
658	0.0027	0.0005
659	0.0012	0.006
660	0.0096	0.005
661	0.0098	0.0096
662	0.0066	0.002
663	0.0087	0.0083
664	0.0044	0.0017
665	0.0097	0.0054
666	0.0052	0.003
667	0.0083	0.0096
668	0.0041	0.0002
669	0.0075	0.0068
670	0.0051	0.0099
671	0.0097	0.0088
672	0.0026	0.0009
673	0.0035	0.0039
674	0.0063	0.0034
675	0.0007	0.008
676	0.0045	0.0076
677	0.0027	0.0018
678	0.009	0.0062
679	0.0098	0.0034
680	0.0039	0.0083
681	0.0069	0.002
682	0.0096	0.0045
683	0.0022	0.0065
684	0.0009	0.0004
685	0.0048	0.0042
686	0.0002	0.0096
687	0.0065	0.0092
688	0.008	0.0047
689	0.0015	0.0034
690	0.0017	0.0052
691	0.004	0.0043
692	0.0092	0.0073
693	0.0009	0.0017
694	0.0099	0.0054
695	0.0083	0.0075
696	0.0004	0.0035
697	0.0097	0.006
698	0.0084	0.003
699	0.0051	0.0049
700	0.0047	0.0063
701	0.0091	0.0023
702	0.0054	0.0007
703	0.0051	0.0007
704	0.0063	0.0074
705	0.002	0.008
706	0.0021	0.0016
707	0.0093	0.0088
708	0.0057	0.008
709	0.002	0.0083
710	0.0034	0.0084
711	0.0073	0.0011
712	0.0069	0.0042
713	0.0067	0.0054
714	0.0006	0.0034
715	0.0014	0.0044
716	0.0098	0.0013
717	0.0035	0.0058
718	0.0071	0.004
719	0.0073	0.0092
720	0.0031	0.0047
721	0.003	0.0015
722	0.0053	0.0099
723	0.0036	0.0004
724	0.0042	0.0049
725	0.0049	0.0083
726	0.0089	0.0052
727	0.008	0.0057
728	0.0052	0.0019
729	0.0013	0.0003
730	0.0065	0.002
731	0.0033	0.0064
732	0.009	0.003
733	0.006	0.0039
734	0.0041	0.0024
735	0.0005	0.0091
736	0.0061	0.0011
737	0.0069	0.0065
738	0.0079	0.0092
739	0.0084	0.0029
740	0.0069	0.0088
741	0.0003	0.0074
742	0.0074	0.0079
743	0	0.0049
744	0.0084	0.0033
745	0.0057	0.009
746	0.0054	0.0004
747	0.0018	0.0007
748	0.0004	0.0044
749	0.0098	0.0047
750	0.0065	0.007
751	0.0034	0.0096
752	0.0044	0.0021
753	0.0018	0.0037
754	0.0046	0.0068
755	0.0006	0.0085
756	0.0041	0.0082
757	0.0006	0.0022
758	0.0049	0
759	0.0014	0.0003
760	0.0018	0.0035
761	0.0035	0.0079
762	0.0007	0.0051
763	0.0096	0.002
764	0.0098	0.0069
765	0.0066	0.0009
766	0.0026	0.007
767	0.0064	0.0084
768	0.0052	0.009
769	0.0036	0.0056
770	0.005	0.0081
771	0.0016	0.0011
772	0.0047	0.0002
773	0.0062	0.0017
774	0.0056	0.0099
775	0.0085	0.0056
776	0.0017	0.0058
777	0.0097	0.0087
778	0.005	0.0008
779	0.0007	0.0031
780	0.0054	0.0032
781	0.0027	0.0037
782	0.0028	0.0036
783	0.0052	0.0081
784	0.0077	0.0072
785	0.0035	0.0028
786	0.0007	0.0073
787	0.0084	0.0096
788	0.0053	0.0004
789	0.0032	0.0026
790	0.0057	0.008
791	0.0057	0.0091
792	0.0096	0.0052
793	0.0013	0.0012
794	0.0054	0.0007
795	0.0044	0.0057
796	0.0099	0.0081
797	0.0029	0.0091
798	0.0087	0.0029
799	0.0001	0.0029
800	0.0095	0.0077
801	0.0008	0.0011
802	0.0014	0.0099
803	0.0094	0.001
804	0.0081	0.0024
805	0.0018	0.0006
806	0.0059	0.0096
807	0.0095	0.0076
808	0.0058	0.0084
809	0.007	0.0004
810	0.0075	0.0096
811	0.005	0.0092
812	0.0046	0.0013
813	0.004	0.0019
814	0.004	0.0091
815	0.0031	0.0056
816	0.0095	0.0032
817	0.0065	0.008
818	0.0018	0.0068
819	0.0044	0.0079
820	0.007	0.0051
821	0.0047	0.0055
822	0.009	0.0014
823	0.0045	0.0064
824	0.0016	0.0038
825	0.0037	0.0031
826	0.0018	0.0007
827	0.0049	0.0086
828	0.009	0.0071
829	0.0005	0.0014
830	0.007	0.0052
831	0.0082	0.0004
832	0.002	0.0077
833	0.0004	0.0091
834	0.0015	0.0066
835	0.0052	0.0038
836	0.0004	0.0056
837	0.0024	0.0099
838	0.0027	0.0086
839	0.0069	0.0053
840	0.0004	0.0014
841	0.0032	0.0071
842	0.0074	0.0053
843	0.0017	0.0035
844	0.0075	0.0019
845	0.0059	0.0055
846	0.0045	0.0088
847	0.0075	0.0099
848	0.0026	0.0005
849	0.0033	0.0053
850	0.0053	0.0035
851	0.0052	0.0012
852	0.0088	0.0059
853	0.0006	0.0038
854	0.0096	0.0017
855	0.0015	0.0097
856	0.0073	0.0029
857	0.0025	0.0094
858	0.0079	0.0069
859	0.0046	0.0017
860	0.0097	0.0069
861	0.0014	0.007
862	0.0017	0.0025
863	0.0081	0.0016
864	0.0022	0.0023
865	0.0078	0.0057
866	0.0065	0.0066
867	0.0063	0.0071
868	0.0077	0.0032
869	0.0034	0.0058
870	0.0007	0.0089
871	0.0077	0.0064
872	0.0019	0.0082
873	0.0035	0.0047
874	0.0057	0.0099
875	0.0045	0.0066
876	0.0068	0.0085
877	0.0003	0.0072
878	0.0023	0.0009
879	0.002	0.0051
880	0.0099	0.0091
881	0.0053	0.0075
882	0.0062	0.0064
883	0.0082	0.0037
884	0.0071	0.0028
885	0.0031	0.0097
886	0.002	0.0008
887	0.0037	0.0036
888	0.0094	0.0025
889	0.0099	0.0062
890	0.0049	0.0044
891	0.0073	0.0061
892	0.0017	0.008
893	0.0008	0.0088
894	0.0078	0.0067
895	0.0032	0.0045
896	0.0097	0.0049
897	0.0085	0.0099
898	0.0076	0.0083
899	0.0063	0.0017
900	0.0026	0.0054
901	0.0001	0.0042
902	0.0009	0.0057
903	0.0022	0.0083
904	0.0063	0.0023
905	0.0035	0.0055
906	0.0005	0.005
907	0.0038	0.0098
908	0.0055	0.0049
909	0.0059	0.0062
910	0.0086	0.0075
911	0.007	0.0057
912	0.0008	0.0026
913	0.005	0.007
914	0.0088	0.0001
915	0.0036	0
916	0.0047	0.0094
917	0.0005	0.0061
918	0.0072	0.0073
919	0.0048	0.0088
920	0.0077	0.0094
921	0.0045	0.0027
922	0.0003	0.0051
923	0.0001	0.0026
924	0.0078	0.0072
925	0.0007	0.009
926	0.0095	0.0094
927	0.0072	0.0099
928	0.0073	0.0093
929	0.0044	0.0047
930	0.0028	0.0005
931	0.0088	0.0088
932	0.0085	0.0056
933	0.0014	0.0042
934	0.0048	0.0006
935	0.0075	0.0087
936	0.0032	0.0072
937	0.0016	0.0025
938	0.0031	0.0027
939	0.0001	0.0007
940	0.0031	0.0078
941	0.0017	0.0085
942	0.0078	0.0003
943	0.0028	0.0027
944	0.0082	0.001
945	0.0076	0.0034
946	0.001	0.0068
947	0.0084	0.0007
948	0.0076	0.0025
949	0.0052	0.009
950	0.0065	0.0062
951	0.0052	0.0064
952	0.0048	0.0041
953	0.0017	0.0049
954	0.0091	0.0008
955	0.0098	0.0055
956	0.0008	0.0046
957	0.0067	0.0005
958	0.005	0.0026
959	0.0042	0.0054
960	0.0045	0.0053
961	0.0009	0.0091
962	0.0097	0.008
963	0.001	0.006
964	0.0076	0.0008
965	0.0091	0.0056
966	0	0.0025
967	0.0006	0.0088
968	0.0022	0.0031
969	0.0034	0.0016
970	0.0077	0.0044
971	0.0068	0.0002
972	0.0091	0.0072
973	0.0059	0
974	0.0079	0.0043
975	0.0032	0.0071
976	0.0018	0.0047
977	0.0019	0.0059
978	0.0006	0.0015
979	0.0064	0.0004
980	0.0022	0.0089
981	0.0056	0.0044
982	0.0011	0.0061
983	0.0085	0.0042
984	0.0037	0.0096
985	0.0069	0.0056
986	0.0024	0.0034
987	0.0003	0.0094
988	0.0072	0.0036
989	0.004	0.0062
990	0.0017	0.0015
991	0.004	0.0054
992	0.0075	0.0098
993	0.0067	0.0093
994	0.0032	0.0096
995	0.0033	0.0009
996	0.0001	0.0076
997	0.0053	0.0006
998	0.0076	0.006
999	0.0086	0.0094
